 Eigenvalues (   eV  ) for nkpt=  40  k points:
 kpt#   1, nband= 11, wtk=  1.00000, kpt=  0.5000  0.0000  0.0000 (reduced coord)
-103.50296  -60.61729  -60.48309  -60.48309    4.82905    6.94167    6.94167    8.32795
   8.32797    8.93901   13.72218
 kpt#   2, nband= 11, wtk=  1.00000, kpt=  0.4500  0.0000  0.0000 (reduced coord)
-103.50250  -60.59075  -60.47066  -60.47066    4.79313    6.96799    6.96799    8.33145
   8.33147    8.51374   14.40860
 kpt#   3, nband= 11, wtk=  1.00000, kpt=  0.4000  0.0000  0.0000 (reduced coord)
-103.50348  -60.58096  -60.47227  -60.47227    4.59535    6.99526    6.99526    7.69367
   8.24902    8.24904   15.97403
 kpt#   4, nband= 11, wtk=  1.00000, kpt=  0.3500  0.0000  0.0000 (reduced coord)
-103.50450  -60.55805  -60.46294  -60.46294    4.13931    7.05401    7.05401    7.06602
   8.15765    8.15767   17.92891
 kpt#   5, nband= 11, wtk=  1.00000, kpt=  0.3000  0.0000  0.0000 (reduced coord)
-103.50636  -60.54639  -60.45924  -60.45924    3.44471    6.76635    7.11212    7.11212
   8.01931    8.01933   20.11662
 kpt#   6, nband= 11, wtk=  1.00000, kpt=  0.2500  0.0000  0.0000 (reduced coord)
-103.50862  -60.53253  -60.46087  -60.46086    2.67107    6.69520    7.14673    7.14673
   7.88411    7.88412   22.47494
 kpt#   7, nband= 11, wtk=  1.00000, kpt=  0.2000  0.0000  0.0000 (reduced coord)
-103.51169  -60.52799  -60.48381  -60.48381    1.94955    6.73178    7.10991    7.10991
   7.75927    7.75928   24.95490
 kpt#   8, nband= 11, wtk=  1.00000, kpt=  0.1500  0.0000  0.0000 (reduced coord)
-103.51221  -60.46807  -60.46807  -60.45614    1.35333    6.86250    7.09088    7.09089
   7.78553    7.78554   27.59599
 kpt#   9, nband= 11, wtk=  1.00000, kpt=  0.1000  0.0000  0.0000 (reduced coord)
-103.51445  -60.48843  -60.46931  -60.46931    0.90825    6.89320    7.03073    7.03074
   7.75281    7.75282   30.16620
 kpt#  10, nband= 11, wtk=  1.00000, kpt=  0.0500  0.0000  0.0000 (reduced coord)
-103.51490  -60.47386  -60.45673  -60.45673    0.63617    6.94569    6.99138    6.99139
   7.80215    7.80215   32.18147
 kpt#  11, nband= 11, wtk=  1.00000, kpt=  0.0000  0.0000  0.0000 (reduced coord)
-103.51475  -60.45156  -60.45156  -60.45156    0.54482    6.98222    6.98223    6.98223
   7.82920    7.82920   32.66074
 kpt#  12, nband= 11, wtk=  1.00000, kpt=  0.0000  0.0417  0.0417 (reduced coord)
-103.51477  -60.47189  -60.45276  -60.45276    0.62951    6.95651    6.99677    6.99677
   7.76485    7.84014   32.37890
 kpt#  13, nband= 11, wtk=  1.00000, kpt=  0.0000  0.0833  0.0833 (reduced coord)
-103.51418  -60.48661  -60.45878  -60.45878    0.88199    6.88289    7.04132    7.04132
   7.69354    7.85936   31.73464
 kpt#  14, nband= 11, wtk=  1.00000, kpt=  0.0000  0.1250  0.1250 (reduced coord)
-103.51198  -60.46042  -60.45363  -60.45363    1.29690    6.77454    7.17202    7.17203
   7.64172    7.90886   31.02211
 kpt#  15, nband= 11, wtk=  1.00000, kpt=  0.0000  0.1667  0.1667 (reduced coord)
-103.51116  -60.48450  -60.48206  -60.48206    1.85963    6.60860    7.28559    7.28560
   7.49072    7.89449   29.85927
 kpt#  16, nband= 11, wtk=  1.00000, kpt=  0.0000  0.2083  0.2083 (reduced coord)
-103.50830  -60.48495  -60.46948  -60.46948    2.55129    6.46451    7.37487    7.48935
   7.48936    7.97376   28.43715
 kpt#  17, nband= 11, wtk=  1.00000, kpt=  0.0000  0.2500  0.2500 (reduced coord)
-103.50772  -60.53174  -60.51225  -60.51225    3.31964    6.24599    7.33244    7.58725
   7.58726    7.98129   27.08300
 kpt#  18, nband= 11, wtk=  1.00000, kpt=  0.0000  0.2917  0.2917 (reduced coord)
-103.50542  -60.54199  -60.51832  -60.51832    4.07802    6.06030    7.44400    7.79130
   7.79131    8.05254   25.93945
 kpt#  19, nband= 11, wtk=  1.00000, kpt=  0.0000  0.3333  0.3333 (reduced coord)
-103.50258  -60.55722  -60.49934  -60.49933    4.65468    5.91153    7.87251    8.01944
   8.01945    8.18555   23.72553
 kpt#  20, nband= 11, wtk=  1.00000, kpt=  0.0000  0.3750  0.3750 (reduced coord)
-103.50108  -60.58412  -60.50487  -60.50487    4.92978    5.76665    8.20983    8.20984
   8.23989    8.70102   21.43757
 kpt#  21, nband= 11, wtk=  1.00000, kpt=  0.0000  0.4167  0.4167 (reduced coord)
-103.49891  -60.54935  -60.50489  -60.50489    5.06618    5.65820    8.28379    8.39602
   8.39602    9.84777   19.42513
 kpt#  22, nband= 11, wtk=  1.00000, kpt=  0.0000  0.4583  0.4583 (reduced coord)
-103.49873  -60.58593  -60.51281  -60.51281    5.06159    5.58804    8.30805    8.46321
   8.46321   10.92517   17.79311
 kpt#  23, nband= 11, wtk=  1.00000, kpt=  0.0000  0.5000  0.5000 (reduced coord)
-103.49917  -60.61243  -60.52468  -60.52468    5.05548    5.55364    8.31185    8.44620
   8.44621   11.43405   17.10415
 kpt#  24, nband= 11, wtk=  1.00000, kpt=  0.0588  0.5294  0.5294 (reduced coord)
-103.49878  -60.59942  -60.52298  -60.51383    5.09834    5.58481    8.28754    8.35274
   8.43889   11.66897   17.13817
 kpt#  25, nband= 11, wtk=  1.00000, kpt=  0.1176  0.5588  0.5588 (reduced coord)
-103.49856  -60.59616  -60.51449  -60.50927    5.21815    5.64998    8.02501    8.24426
   8.40816   12.25752   17.23819
 kpt#  26, nband= 11, wtk=  1.00000, kpt=  0.1765  0.5882  0.5882 (reduced coord)
-103.49878  -60.58337  -60.53692  -60.50864    5.40874    5.73606    7.63483    8.10106
   8.34354   13.08786   17.38247
 kpt#  27, nband= 11, wtk=  1.00000, kpt=  0.2353  0.6176  0.6176 (reduced coord)
-103.49861  -60.56594  -60.54164  -60.49606    5.62338    5.86240    7.28028    7.95496
   8.31423   14.05613   16.21306
 kpt#  28, nband= 11, wtk=  1.00000, kpt=  0.2941  0.6471  0.6471 (reduced coord)
-103.49877  -60.55555  -60.53595  -60.49209    5.84271    5.99036    6.98960    7.80718
   8.21859   14.39743   15.14549
 kpt#  29, nband= 11, wtk=  1.00000, kpt=  0.3529  0.6765  0.6765 (reduced coord)
-103.50013  -60.57695  -60.55445  -60.48930    5.92681    6.14110    6.70515    7.65455
   8.10660   12.69169   16.33020
 kpt#  30, nband= 11, wtk=  1.00000, kpt=  0.4118  0.7059  0.7059 (reduced coord)
-103.49974  -60.54954  -60.51858  -60.45879    5.82666    6.38392    6.56340    7.61163
   8.03557   11.28641   17.65713
 kpt#  31, nband= 11, wtk=  1.00000, kpt=  0.4706  0.7353  0.7353 (reduced coord)
-103.50203  -60.56722  -60.53742  -60.47302    5.48421    6.43647    6.56172    7.51513
   7.85679   10.09771   19.02957
 kpt#  32, nband= 11, wtk=  1.00000, kpt=  0.5294  0.7647  0.7647 (reduced coord)
-103.50343  -60.55135  -60.52765  -60.46972    4.91175    6.40552    6.75564    7.47461
   7.70725    9.29380   20.50734
 kpt#  33, nband= 11, wtk=  1.00000, kpt=  0.5882  0.7941  0.7941 (reduced coord)
-103.50573  -60.55075  -60.52274  -60.48235    4.14547    6.41553    6.90933    7.45115
   7.54099    8.73312   22.05717
 kpt#  34, nband= 11, wtk=  1.00000, kpt=  0.6471  0.8235  0.8235 (reduced coord)
-103.50713  -60.52966  -60.49171  -60.47130    3.32681    6.50138    7.04607    7.43655
   7.48670    8.36953   23.76218
 kpt#  35, nband= 11, wtk=  1.00000, kpt=  0.7059  0.8529  0.8529 (reduced coord)
-103.50909  -60.51231  -60.48287  -60.46675    2.54181    6.60149    7.12216    7.30763
   7.55207    8.09731   25.50144
 kpt#  36, nband= 11, wtk=  1.00000, kpt=  0.7647  0.8824  0.8824 (reduced coord)
-103.51075  -60.48809  -60.47088  -60.45863    1.85224    6.72785    7.14233    7.19971
   7.64520    7.92580   27.36475
 kpt#  37, nband= 11, wtk=  1.00000, kpt=  0.8235  0.9118  0.9118 (reduced coord)
-103.51318  -60.49096  -60.47659  -60.47229    1.29214    6.81658    7.09266    7.09902
   7.65218    7.82363   29.17216
 kpt#  38, nband= 11, wtk=  1.00000, kpt=  0.8824  0.9412  0.9412 (reduced coord)
-103.51463  -60.48767  -60.47838  -60.46518    0.88044    6.88240    7.01700    7.03489
   7.69931    7.81466   30.95173
 kpt#  39, nband= 11, wtk=  1.00000, kpt=  0.9412  0.9706  0.9706 (reduced coord)
-103.51485  -60.47292  -60.45676  -60.45273    0.62915    6.95719    6.98755    6.99643
   7.78405    7.81770   32.28870
 kpt#  40, nband= 11, wtk=  1.00000, kpt=  1.0000  1.0000  1.0000 (reduced coord)
-103.51475  -60.45156  -60.45156  -60.45156    0.54482    6.98222    6.98223    6.98223
   7.82920    7.82920   32.66074
