 
0.001 -2.9029701052277983 0.0 -2.903724377
0.001 -2.903579987232437 0.0004312517007747421 -2.903724377
0.001 -2.9038011456280493 0.0003395059053484238 -2.903724377
0.001 -2.9036463120639677 0.00028777807594054756 -2.903724377
0.001 -2.9037016935352793 0.00023549111897524025 -2.903724377
0.001 -2.903902837496746 0.00026875063179241016 -2.903724377
0.001 -2.903797250891347 0.00025024097678539285 -2.903724377
0.001 -2.9037545831499054 0.0002225686979527756 -2.903724377
0.001 -2.9036662872588774 0.00021463953878736984 -2.903724377
0.001 -2.9036519802080365 0.00019365182448527135 -2.903724377
0.001 -2.9035791312589905 0.00018925407119778752 -2.903724377
0.001 -2.9035723083551823 0.00017360584360610727 -2.903724377
0.001 -2.903551594501446 0.0001614825601778408 -2.903724377
0.001 -2.9035230936702447 0.00015244246931619737 -2.903724377
0.001 -2.903583164857823 0.0001536602520921486 -2.903724377
0.001 -2.9035749260380044 0.0001442771884572104 -2.903724377
0.001 -2.9036102546376354 0.00014004890565282016 -2.903724377
0.001 -2.903675391402817 0.0001466356696769277 -2.903724377
0.001 -2.9036990217003504 0.0001408091387488385 -2.903724377
0.001 -2.9037330880020864 0.0001378279638673826 -2.903724377
0.001 -2.9037475028446935 0.0001320163685245861 -2.903724377
0.001 -2.903754636868525 0.00012620823485238263 -2.903724377
0.001 -2.9037489336919005 0.00012084971095128792 -2.903724377
0.001 -2.903786183350583 0.00012141942445522384 -2.903724377
0.001 -2.903757414558118 0.0001199224262235187 -2.903724377
0.001 -2.9037343860199885 0.00011750029286447701 -2.903724377
0.001 -2.903725820841072 0.00011346017989574464 -2.903724377
0.001 -2.903670065246792 0.00012234287454844254 -2.903724377
0.001 -2.903674440807265 0.00011820237438299903 -2.903724377
0.001 -2.9036874095372927 0.00011497153485888885 -2.903724377
0.001 -2.9036553095200976 0.00011565715372560895 -2.903724377
0.001 -2.903661567805105 0.00011221206003206783 -2.903724377
0.001 -2.903654453150658 0.00010903700829059258 -2.903724377
0.001 -2.9036632565574414 0.0001061848266624099 -2.903724377
0.001 -2.9036426399840387 0.00010513335589926465 -2.903724377
0.001 -2.9036606013064232 0.00010373592459474186 -2.903724377
