Be STO_Tzeta
*
3  s
   4.03365    1.0000000000
   1.98393     0.08620 
    0.45887    0.00699 
3  s
   3.05408    -0.24130
   1.47320    0.85606
   0.92550   0.61672
3  p
   1.04133    0.09633
    0.46855   -0.06443
    0.25762    0.00436 
*
# Jastrow params
α =     0.0000000000
β =     0.65654 
α12 =     1.0000000000

wf_params  1.02843  0.17131  0.15364  0.17880  4.03365  1.98393  0.45887  1.00000  0.08620  0.00699  3.05408  1.47320
0.92550 -0.24130  0.85606  0.61672  1.04133  0.46855  0.25762  0.09633 -0.06443  0.00436  0.00000  0.65654  1.00000 
