K_POINTS crystal
120
0.00000000 0.00000000 0.00000000 0.00000000
0.02380952 0.00000000 0.02380952 0.07839246
0.04761905 0.00000000 0.04761905 0.15678491
0.07142857 0.00000000 0.07142857 0.23517737
0.09523810 0.00000000 0.09523810 0.31356982
0.11904762 0.00000000 0.11904762 0.39196228
0.14285714 0.00000000 0.14285714 0.47035473
0.16666667 0.00000000 0.16666667 0.54874719
0.19047619 0.00000000 0.19047619 0.62713964
0.21428571 0.00000000 0.21428571 0.70553210
0.23809524 0.00000000 0.23809524 0.78392455
0.26190476 0.00000000 0.26190476 0.86231701
0.28571429 0.00000000 0.28571429 0.94070946
0.30952381 0.00000000 0.30952381 1.01910192
0.33333333 0.00000000 0.33333333 1.09749437
0.35714286 0.00000000 0.35714286 1.17588683
0.38095238 0.00000000 0.38095238 1.25427928
0.40476190 0.00000000 0.40476190 1.33267174
0.42857143 0.00000000 0.42857143 1.41106420
0.45238095 0.00000000 0.45238095 1.48945665
0.47619048 0.00000000 0.47619048 1.56784911
0.50000000 0.00000000 0.50000000 1.64624156
0.50000000 0.03571429 0.53571429 1.72938932
0.50000000 0.07142857 0.57142857 1.81253707
0.50000000 0.10714286 0.60714286 1.89568483
0.50000000 0.14285714 0.64285714 1.97883258
0.50000000 0.17857143 0.67857143 2.06198034
0.50000000 0.21428571 0.71428571 2.14512809
0.50000000 0.25000000 0.75000000 2.22827585
0.45833333 0.29166667 0.75000000 2.32528156
0.41666667 0.33333333 0.75000000 2.42228728
0.37500000 0.37500000 0.75000000 2.51929299
0.36111111 0.36111111 0.72222222 2.59159678
0.34722222 0.34722222 0.69444444 2.66390057
0.33333333 0.33333333 0.66666667 2.73620436
0.31944444 0.31944444 0.63888889 2.80850815
0.30555556 0.30555556 0.61111111 2.88081194
0.29166667 0.29166667 0.58333333 2.95311573
0.27777778 0.27777778 0.55555556 3.02541952
0.26388889 0.26388889 0.52777778 3.09772331
0.25000000 0.25000000 0.50000000 3.17002710
0.23611111 0.23611111 0.47222222 3.24233089
0.22222222 0.22222222 0.44444444 3.31463468
0.20833333 0.20833333 0.41666667 3.38693848
0.19444444 0.19444444 0.38888889 3.45924227
0.18055556 0.18055556 0.36111111 3.53154606
0.16666667 0.16666667 0.33333333 3.60384985
0.15277778 0.15277778 0.30555556 3.67615364
0.13888889 0.13888889 0.27777778 3.74845743
0.12500000 0.12500000 0.25000000 3.82076122
0.11111111 0.11111111 0.22222222 3.89306501
0.09722222 0.09722222 0.19444444 3.96536880
0.08333333 0.08333333 0.16666667 4.03767259
0.06944444 0.06944444 0.13888889 4.10997638
0.05555556 0.05555556 0.11111111 4.18228017
0.04166667 0.04166667 0.08333333 4.25458396
0.02777778 0.02777778 0.05555556 4.32688775
0.01388889 0.01388889 0.02777778 4.39919154
0.00000000 0.00000000 0.00000000 4.47149533
0.01851852 0.01851852 0.01851852 4.54299123
0.03703704 0.03703704 0.03703704 4.61448713
0.05555556 0.05555556 0.05555556 4.68598304
0.07407407 0.07407407 0.07407407 4.75747894
0.09259259 0.09259259 0.09259259 4.82897484
0.11111111 0.11111111 0.11111111 4.90047074
0.12962963 0.12962963 0.12962963 4.97196664
0.14814815 0.14814815 0.14814815 5.04346254
0.16666667 0.16666667 0.16666667 5.11495845
0.18518519 0.18518519 0.18518519 5.18645435
0.20370370 0.20370370 0.20370370 5.25795025
0.22222222 0.22222222 0.22222222 5.32944615
0.24074074 0.24074074 0.24074074 5.40094205
0.25925926 0.25925926 0.25925926 5.47243795
0.27777778 0.27777778 0.27777778 5.54393385
0.29629630 0.29629630 0.29629630 5.61542976
0.31481481 0.31481481 0.31481481 5.68692566
0.33333333 0.33333333 0.33333333 5.75842156
0.35185185 0.35185185 0.35185185 5.82991746
0.37037037 0.37037037 0.37037037 5.90141336
0.38888889 0.38888889 0.38888889 5.97290926
0.40740741 0.40740741 0.40740741 6.04440517
0.42592593 0.42592593 0.42592593 6.11590107
0.44444444 0.44444444 0.44444444 6.18739697
0.46296296 0.46296296 0.46296296 6.25889287
0.48148148 0.48148148 0.48148148 6.33038877
0.50000000 0.50000000 0.50000000 6.40188467
0.51562500 0.46875000 0.51562500 6.48322644
0.53125000 0.43750000 0.53125000 6.56456820
0.54687500 0.40625000 0.54687500 6.64590997
0.56250000 0.37500000 0.56250000 6.72725173
0.57812500 0.34375000 0.57812500 6.80859349
0.59375000 0.31250000 0.59375000 6.88993526
0.60937500 0.28125000 0.60937500 6.97127702
0.62500000 0.25000000 0.62500000 7.05261879
0.58333333 0.25000000 0.66666667 7.14962450
0.54166667 0.25000000 0.70833333 7.24663022
0.50000000 0.25000000 0.75000000 7.34363593
0.50000000 0.27083333 0.72916667 7.41222933
0.50000000 0.29166667 0.70833333 7.48082273
0.50000000 0.31250000 0.68750000 7.54941612
0.50000000 0.33333333 0.66666667 7.61800952
0.50000000 0.35416667 0.64583333 7.68660292
0.50000000 0.37500000 0.62500000 7.75519632
0.50000000 0.39583333 0.60416667 7.82378972
0.50000000 0.41666667 0.58333333 7.89238312
0.50000000 0.43750000 0.56250000 7.96097652
0.50000000 0.45833333 0.54166667 8.02956991
0.50000000 0.47916667 0.52083333 8.09816331
0.50000000 0.50000000 0.50000000 8.16675671
0.48863636 0.48863636 0.52272727 8.22591436
0.47727273 0.47727273 0.54545455 8.28507200
0.46590909 0.46590909 0.56818182 8.34422965
0.45454545 0.45454545 0.59090909 8.40338730
0.44318182 0.44318182 0.61363636 8.46254494
0.43181818 0.43181818 0.63636364 8.52170259
0.42045455 0.42045455 0.65909091 8.58086024
0.40909091 0.40909091 0.68181818 8.64001788
0.39772727 0.39772727 0.70454545 8.69917553
0.38636364 0.38636364 0.72727273 8.75833318
0.37500000 0.37500000 0.75000000 8.81749082
