K_POINTS crystal
60
0.50000000 0.25000000 0.75000000 0.00000000
0.50000000 0.28125000 0.71875000 0.10289010
0.50000000 0.31250000 0.68750000 0.20578020
0.50000000 0.34375000 0.65625000 0.30867029
0.50000000 0.37500000 0.62500000 0.41156039
0.50000000 0.40625000 0.59375000 0.51445049
0.50000000 0.43750000 0.56250000 0.61734059
0.50000000 0.46875000 0.53125000 0.72023068
0.50000000 0.50000000 0.50000000 0.82312078
0.47727273 0.47727273 0.47727273 0.91086575
0.45454545 0.45454545 0.45454545 0.99861072
0.43181818 0.43181818 0.43181818 1.08635569
0.40909091 0.40909091 0.40909091 1.17410066
0.38636364 0.38636364 0.38636364 1.26184563
0.36363636 0.36363636 0.36363636 1.34959060
0.34090909 0.34090909 0.34090909 1.43733557
0.31818182 0.31818182 0.31818182 1.52508054
0.29545455 0.29545455 0.29545455 1.61282551
0.27272727 0.27272727 0.27272727 1.70057048
0.25000000 0.25000000 0.25000000 1.78831545
0.22727273 0.22727273 0.22727273 1.87606042
0.20454545 0.20454545 0.20454545 1.96380539
0.18181818 0.18181818 0.18181818 2.05155036
0.15909091 0.15909091 0.15909091 2.13929533
0.13636364 0.13636364 0.13636364 2.22704030
0.11363636 0.11363636 0.11363636 2.31478527
0.09090909 0.09090909 0.09090909 2.40253024
0.06818182 0.06818182 0.06818182 2.49027521
0.04545455 0.04545455 0.04545455 2.57802018
0.02272727 0.02272727 0.02272727 2.66576515
0.00000000 0.00000000 0.00000000 2.75351012
0.02631579 0.00000000 0.02631579 2.84015441
0.05263158 0.00000000 0.05263158 2.92679871
0.07894737 0.00000000 0.07894737 3.01344300
0.10526316 0.00000000 0.10526316 3.10008729
0.13157895 0.00000000 0.13157895 3.18673158
0.15789474 0.00000000 0.15789474 3.27337588
0.18421053 0.00000000 0.18421053 3.36002017
0.21052632 0.00000000 0.21052632 3.44666446
0.23684211 0.00000000 0.23684211 3.53330876
0.26315789 0.00000000 0.26315789 3.61995305
0.28947368 0.00000000 0.28947368 3.70659734
0.31578947 0.00000000 0.31578947 3.79324163
0.34210526 0.00000000 0.34210526 3.87988593
0.36842105 0.00000000 0.36842105 3.96653022
0.39473684 0.00000000 0.39473684 4.05317451
0.42105263 0.00000000 0.42105263 4.13981880
0.44736842 0.00000000 0.44736842 4.22646310
0.47368421 0.00000000 0.47368421 4.31310739
0.50000000 0.00000000 0.50000000 4.39975168
0.50000000 0.04166667 0.54166667 4.49675740
0.50000000 0.08333333 0.58333333 4.59376311
0.50000000 0.12500000 0.62500000 4.69076883
0.50000000 0.16666667 0.66666667 4.78777454
0.50000000 0.20833333 0.70833333 4.88478025
0.50000000 0.25000000 0.75000000 4.98178597
0.46875000 0.28125000 0.75000000 5.05454025
0.43750000 0.31250000 0.75000000 5.12729454
0.40625000 0.34375000 0.75000000 5.20004883
0.37500000 0.37500000 0.75000000 5.27280311
